{
  "advancedEditorSelectedIdentifier" : "ProjectBrowser",
  "openSceneRelativePaths" : [
    "ClamScene.usda",
    "FishScene.usda",
    "SlugScene.usda",
    "StarfishScene.usda"
  ],
  "recentIdentifiers" : {
    "5D2ACF2A-E4D2-4BCD-903A-19B8752DBE3B" : [

    ]
  },
  "sceneCameraHistory" : {
    "26DBAE76-5DD8-47B6-A085-1B4ADA111097" : [
      {
        "date" : 776069438.385521,
        "title" : "Untitled",
        "transform" : [
          1,
          0,
          0,
          0,
          0,
          0.7071069,
          -0.70710677,
          0,
          0,
          0.70710677,
          0.7071069,
          0,
          0,
          0.2575613,
          0.25782156,
          1
        ]
      },
      {
        "date" : 776069335.174717,
        "title" : "Untitled",
        "transform" : [
          1,
          0,
          0,
          0,
          0,
          0.7071069,
          -0.70710677,
          0,
          0,
          0.70710677,
          0.7071069,
          0,
          0,
          0.6391875,
          0.63944775,
          1
        ]
      }
    ],
    "483AF3E6-4C58-4A49-9A74-333B56CE26A9" : [
      {
        "date" : 776070671.293918,
        "title" : "Untitled",
        "transform" : [
          0.48704153,
          -1.9372083e-08,
          -0.8733788,
          0,
          -0.4267357,
          0.8725061,
          -0.23797005,
          0,
          0.7620282,
          0.48860326,
          0.42494673,
          0,
          1.0277263,
          1.1660074,
          1.3926637,
          1
        ]
      }
    ],
    "5D2ACF2A-E4D2-4BCD-903A-19B8752DBE3B" : [
      {
        "date" : 776071346.233115,
        "title" : "Untitled",
        "transform" : [
          0.43032733,
          -3.024664e-08,
          -0.9026729,
          0,
          -0.90212303,
          0.03489961,
          -0.43006518,
          0,
          0.031502843,
          0.99939084,
          0.015018333,
          0,
          3.3719096,
          1.2892108,
          0.3369648,
          1
        ]
      },
      {
        "date" : 776071323.369,
        "title" : "Untitled",
        "transform" : [
          0.43032733,
          -3.024664e-08,
          -0.9026729,
          0,
          -0.90212303,
          0.03489961,
          -0.43006518,
          0,
          0.031502843,
          0.99939084,
          0.015018333,
          0,
          3.3719096,
          1.2892108,
          0.3369648,
          1
        ]
      },
      {
        "date" : 776071316.170862,
        "title" : "Untitled",
        "transform" : [
          0.099386975,
          -1.8615042e-08,
          -0.9950489,
          0,
          0.011191118,
          0.99993676,
          0.0011177645,
          0,
          0.99498594,
          -0.011246755,
          0.09938084,
          0,
          3.6676571,
          0.8488751,
          0.37285057,
          1
        ]
      },
      {
        "date" : 776071311.065321,
        "title" : "Untitled",
        "transform" : [
          0.09780779,
          -1.8615042e-08,
          -0.99520534,
          0,
          0.011192877,
          0.99993676,
          0.0011000037,
          0,
          0.9951424,
          -0.011246755,
          0.09780176,
          0,
          4.4129395,
          0.9351259,
          0.4693752,
          1
        ]
      },
      {
        "date" : 776071290.262104,
        "title" : "Untitled",
        "transform" : [
          0.09780779,
          -1.8615042e-08,
          -0.99520534,
          0,
          0.011192877,
          0.99993676,
          0.0011000037,
          0,
          0.9951424,
          -0.011246755,
          0.09780176,
          0,
          9.436405,
          -0.8110366,
          1.4460016,
          1
        ]
      },
      {
        "date" : 776070862.054547,
        "title" : "Untitled",
        "transform" : [
          0.09780779,
          -1.8615042e-08,
          -0.99520534,
          0,
          0.011192877,
          0.99993676,
          0.0011000037,
          0,
          0.9951424,
          -0.011246755,
          0.09780176,
          0,
          9.436405,
          -0.81103665,
          1.4460016,
          1
        ]
      },
      {
        "date" : 776070785.760774,
        "title" : "Untitled",
        "transform" : [
          0.09780779,
          -1.8615042e-08,
          -0.99520534,
          0,
          0.011192877,
          0.99993676,
          0.0011000037,
          0,
          0.9951424,
          -0.011246755,
          0.09780176,
          0,
          18.367455,
          0.85855865,
          3.1276634,
          1
        ]
      },
      {
        "date" : 776070778.738724,
        "title" : "Untitled",
        "transform" : [
          0.3407064,
          1.8417044e-08,
          -0.94016975,
          0,
          0.3932266,
          0.90833163,
          0.14250068,
          0,
          0.8539859,
          -0.41825065,
          0.30947447,
          0,
          7.673538,
          -3.22571,
          4.0673375,
          1
        ]
      },
      {
        "date" : 776070761.964616,
        "title" : "Untitled",
        "transform" : [
          0.999993,
          -6.9345266e-11,
          0.0037231355,
          0,
          0.0018630342,
          0.8657979,
          -0.5003904,
          0,
          -0.0032234828,
          0.50039387,
          0.86579186,
          0,
          -0.08487712,
          14.230225,
          20.55513,
          1
        ]
      },
      {
        "date" : 776070757.900138,
        "title" : "Untitled",
        "transform" : [
          0.9999931,
          0,
          0.003723136,
          0,
          0.0026326545,
          0.7071069,
          -0.7071019,
          0,
          -0.002632655,
          0.70710677,
          0.707102,
          0,
          -0.051204354,
          18.502548,
          18.550085,
          1
        ]
      }
    ],
    "9BB49D72-CC14-4803-ACAE-412FBC4816AD" : [
      {
        "date" : 776070823.838123,
        "title" : "Untitled",
        "transform" : [
          0.99892306,
          1.0170902e-08,
          -0.046397455,
          0,
          -0.0092647355,
          0.9798608,
          -0.1994672,
          0,
          0.045463037,
          0.19968227,
          0.9788055,
          0,
          -0.0320885,
          0.17067799,
          0.23314887,
          1
        ]
      },
      {
        "date" : 776070813.677405,
        "title" : "Untitled",
        "transform" : [
          0.45192146,
          1.1273083e-08,
          0.8920577,
          0,
          0.89151436,
          0.03489959,
          -0.45164618,
          0,
          -0.03113244,
          0.99939084,
          0.015771847,
          0,
          -0.13617808,
          2.0939665,
          -0.5704371,
          1
        ]
      },
      {
        "date" : 776070808.561855,
        "title" : "Untitled",
        "transform" : [
          0.45192146,
          1.1273083e-08,
          0.8920577,
          0,
          0.89151436,
          0.03489953,
          -0.45164618,
          0,
          -0.031132385,
          0.99939084,
          0.015771821,
          0,
          0.37026018,
          2.0919323,
          0.55812585,
          1
        ]
      }
    ],
    "A225D12A-275D-41EF-9332-DD2786B28AEC" : [
      {
        "date" : 776070490.241224,
        "title" : "Untitled",
        "transform" : [
          1,
          0,
          0,
          0,
          0,
          0.7071069,
          -0.70710677,
          0,
          0,
          0.70710677,
          0.7071069,
          0,
          0,
          2.2455442,
          2.2455447,
          1
        ]
      }
    ],
    "AA7B09F6-7714-4945-9128-F124FE34C4D8" : [
      {
        "date" : 776070893.538174,
        "title" : "Untitled",
        "transform" : [
          0.9793934,
          -1.2471546e-09,
          0.20196135,
          0,
          -0.014096502,
          0.9975612,
          0.06835965,
          0,
          -0.2014688,
          -0.06979791,
          0.9770048,
          0,
          -0.089077696,
          0.3081511,
          1.2145894,
          1
        ]
      },
      {
        "date" : 776070888.589454,
        "title" : "Untitled",
        "transform" : [
          0.9963335,
          1.9306305e-09,
          0.085553974,
          0,
          0.024432452,
          0.958355,
          -0.28453237,
          0,
          -0.08199107,
          0.28557944,
          0.95484126,
          0,
          -0.014552496,
          0.47582403,
          1.0793856,
          1
        ]
      },
      {
        "date" : 776070885.553466,
        "title" : "Untitled",
        "transform" : [
          0.99707776,
          1.9306305e-09,
          0.07639254,
          0,
          0.021816136,
          0.958355,
          -0.28474492,
          0,
          -0.07321116,
          0.28557944,
          0.95555454,
          0,
          0.0068536885,
          0.43706805,
          0.9505768,
          1
        ]
      },
      {
        "date" : 776070616.559375,
        "title" : "Untitled",
        "transform" : [
          0.99707776,
          1.9306305e-09,
          0.07639254,
          0,
          0.021816136,
          0.958355,
          -0.28474492,
          0,
          -0.07321116,
          0.28557944,
          0.95555454,
          0,
          -0.06342423,
          0.7112058,
          1.8678461,
          1
        ]
      }
    ],
    "D8633875-DC2C-4480-BBC7-03A7AB304762" : [
      {
        "date" : 776069822.020107,
        "title" : "Untitled",
        "transform" : [
          0.9999792,
          0,
          0.006454423,
          0,
          0.0045639663,
          0.7071069,
          -0.70709205,
          0,
          -0.004563967,
          0.70710677,
          0.70709217,
          0,
          -0.004607779,
          0.1987059,
          0.34664714,
          1
        ]
      },
      {
        "date" : 776069816.086795,
        "title" : "Untitled",
        "transform" : [
          0.9999792,
          0,
          0.006454423,
          0,
          0.0045639663,
          0.7071069,
          -0.70709205,
          0,
          -0.004563967,
          0.70710677,
          0.70709217,
          0,
          0.018724954,
          0.4340272,
          0.9922429,
          1
        ]
      },
      {
        "date" : 776069811.239376,
        "title" : "Untitled",
        "transform" : [
          1,
          0,
          0,
          0,
          0,
          0.7071069,
          -0.70710677,
          0,
          0,
          0.70710677,
          0.7071069,
          0,
          0.002068858,
          0.14794652,
          0.24596985,
          1
        ]
      },
      {
        "date" : 776069806.635394,
        "title" : "Untitled",
        "transform" : [
          1,
          0,
          0,
          0,
          0,
          0.7071069,
          -0.70710677,
          0,
          0,
          0.70710677,
          0.7071069,
          0,
          0,
          1.2957426,
          1.2957428,
          1
        ]
      }
    ]
  },
  "sceneViewportBackgroundColors" : {

  },
  "selectedSceneRelativePath" : "SlugScene.usda"
}